Date,Discharge (Gt/yr),Error (Gt/yr),Coverage
2015-01-01,4.68653,0.20998,0.93448
2015-01-02,4.68869,0.19802,0.92919
2015-01-03,4.69085,0.18695,0.9239
2015-01-04,4.69301,0.17693,0.91862
2015-01-05,4.69517,0.16816,0.91333
2015-01-06,4.69733,0.16083,0.90804
2015-01-07,4.6995,0.15516,0.90275
2015-01-08,4.70166,0.15132,0.89747
2015-01-09,4.70382,0.14945,0.89218
2015-01-10,4.70598,0.14964,0.88689
2015-01-11,4.70814,0.15188,0.8816
2015-01-12,4.7103,0.15607,0.87632
2015-01-13,4.71246,0.16207,0.87103
2015-01-14,4.71463,0.16968,0.86574
2015-01-15,4.71679,0.1787,0.86045
2015-01-16,4.71895,0.18892,0.85517
2015-01-17,4.72111,0.20017,0.84988
2015-01-18,4.72327,0.21227,0.84459
2015-01-19,4.72138,0.19539,0.84785
2015-01-20,4.71949,0.1804,0.85111
2015-01-21,4.71761,0.16782,0.85437
2015-01-22,4.71572,0.15823,0.85763
2015-01-23,4.71383,0.15219,0.86088
2015-01-24,4.71194,0.15013,0.86414
2015-01-25,4.71005,0.15221,0.8674
2015-01-26,4.70817,0.15827,0.87066
2015-01-27,4.70628,0.16788,0.87392
2015-01-28,4.70439,0.18047,0.87718
2015-01-29,4.7025,0.19547,0.88043
2015-01-30,4.70061,0.21236,0.88369
2015-01-31,4.70497,0.15037,0.90115
2015-02-01,4.70933,0.21296,0.91862
2015-02-02,4.71721,0.19288,0.91863
2015-02-03,4.72509,0.17578,0.91865
2015-02-04,4.73297,0.1626,0.91867
2015-02-05,4.74085,0.15435,0.91869
2015-02-06,4.74873,0.15183,0.91871
2015-02-07,4.75661,0.15532,0.91872
2015-02-08,4.76449,0.16444,0.91874
2015-02-09,4.77236,0.17833,0.91876
2015-02-10,4.78024,0.19597,0.91878
2015-02-11,4.78812,0.21646,0.9188
2015-02-12,4.79166,0.17118,0.9391
2015-02-13,4.79519,0.1533,0.9594
2015-02-14,4.79872,0.1716,0.9797
2015-02-15,4.80225,0.21713,1.0
2015-02-16,4.79523,0.2147,1.0
2015-02-17,4.78821,0.21229,1.0
2015-02-18,4.78119,0.2099,1.0
2015-02-19,4.77416,0.20754,1.0
2015-02-20,4.76714,0.2052,1.0
2015-02-21,4.76012,0.20288,1.0
2015-02-22,4.7531,0.20059,1.0
2015-02-23,4.74608,0.19832,1.0
2015-02-24,4.73905,0.19608,1.0
2015-02-25,4.73203,0.19387,1.0
2015-02-26,4.72501,0.19168,1.0
2015-02-27,4.71799,0.18953,1.0
2015-02-28,4.71097,0.1874,1.0
2015-03-01,4.70394,0.18531,1.0
2015-03-02,4.69692,0.18324,1.0
2015-03-03,4.6899,0.18122,1.0
2015-03-04,4.68288,0.17922,1.0
2015-03-05,4.67586,0.17727,1.0
2015-03-06,4.66883,0.17535,1.0
2015-03-07,4.66181,0.17346,1.0
2015-03-08,4.65479,0.17162,1.0
2015-03-09,4.64777,0.16982,1.0
2015-03-10,4.64074,0.16806,1.0
2015-03-11,4.63372,0.16635,1.0
2015-03-12,4.6267,0.16468,1.0
2015-03-13,4.61968,0.16305,1.0
2015-03-14,4.61266,0.16147,1.0
2015-03-15,4.60563,0.15995,1.0
2015-03-16,4.59861,0.15847,1.0
2015-03-17,4.59159,0.15704,1.0
2015-03-18,4.58457,0.15567,1.0
2015-03-19,4.57755,0.15435,1.0
2015-03-20,4.57052,0.15309,1.0
2015-03-21,4.5635,0.15189,1.0
2015-03-22,4.55648,0.15075,1.0
2015-03-23,4.54946,0.14966,1.0
2015-03-24,4.54244,0.14864,1.0
2015-03-25,4.53541,0.14768,1.0
2015-03-26,4.52839,0.14678,1.0
2015-03-27,4.52137,0.14595,1.0
2015-03-28,4.51435,0.14519,1.0
2015-03-29,4.50733,0.14449,1.0
2015-03-30,4.5003,0.14387,1.0
2015-03-31,4.49328,0.14331,1.0
2015-04-01,4.48626,0.14282,1.0
2015-04-02,4.47924,0.1424,1.0
2015-04-03,4.47221,0.14206,1.0
2015-04-04,4.46519,0.14178,1.0
2015-04-05,4.45817,0.14158,1.0
2015-04-06,4.45115,0.14145,1.0
2015-04-07,4.44413,0.1414,1.0
2015-04-08,4.4371,0.14142,1.0
2015-04-09,4.43008,0.14151,1.0
2015-04-10,4.42306,0.14167,1.0
2015-04-11,4.41604,0.14191,1.0
2015-04-12,4.40902,0.14222,1.0
2015-04-13,4.40199,0.1426,1.0
2015-04-14,4.39497,0.14305,1.0
2015-04-15,4.38795,0.14357,1.0
2015-04-16,4.38093,0.14416,1.0
2015-04-17,4.37391,0.14482,1.0
2015-04-18,4.36688,0.14555,1.0
2015-04-19,4.35986,0.14635,1.0
2015-04-20,4.35284,0.14721,1.0
2015-04-21,4.34582,0.14814,1.0
2015-04-22,4.3388,0.14913,1.0
2015-04-23,4.33177,0.15018,1.0
2015-04-24,4.32475,0.15129,1.0
2015-04-25,4.31773,0.15247,1.0
2015-04-26,4.31071,0.1537,1.0
2015-04-27,4.30368,0.15499,1.0
2015-04-28,4.29666,0.15633,1.0
2015-04-29,4.28964,0.15773,1.0
2015-04-30,4.28262,0.15918,1.0
2015-05-01,4.2756,0.16068,1.0
2015-05-02,4.26857,0.16223,1.0
2015-05-03,4.26155,0.16383,1.0
2015-05-04,4.25453,0.16548,1.0
2015-05-05,4.24751,0.16717,1.0
2015-05-06,4.24049,0.16891,1.0
2015-05-07,4.23346,0.17069,1.0
2015-05-08,4.22644,0.17251,1.0
2015-05-09,4.21942,0.17437,1.0
2015-05-10,4.2124,0.17627,1.0
2015-05-11,4.20538,0.17821,1.0
2015-05-12,4.19835,0.18019,1.0
2015-05-13,4.19133,0.1822,1.0
2015-05-14,4.18431,0.18424,1.0
2015-05-15,4.17729,0.18632,1.0
2015-05-16,4.17536,0.17569,1.0
2015-05-17,4.17344,0.16582,1.0
2015-05-18,4.17152,0.15684,1.0
2015-05-19,4.16959,0.14893,1.0
2015-05-20,4.16767,0.14224,1.0
2015-05-21,4.16575,0.13698,1.0
2015-05-22,4.16382,0.13329,1.0
2015-05-23,4.1619,0.13133,1.0
2015-05-24,4.15997,0.13115,1.0
2015-05-25,4.15805,0.13278,1.0
2015-05-26,4.15613,0.13615,1.0
2015-05-27,4.1542,0.14112,1.0
2015-05-28,4.15228,0.14755,1.0
2015-05-29,4.15036,0.15525,1.0
2015-05-30,4.14843,0.16403,1.0
2015-05-31,4.14651,0.17375,1.0
2015-06-01,4.14459,0.18424,1.0
2015-06-02,4.14801,0.1716,1.0
2015-06-03,4.15143,0.16014,1.0
2015-06-04,4.15486,0.15016,1.0
2015-06-05,4.15828,0.14195,1.0
2015-06-06,4.16171,0.13584,1.0
2015-06-07,4.16513,0.13212,1.0
2015-06-08,4.16856,0.13099,1.0
2015-06-09,4.17198,0.13252,1.0
2015-06-10,4.1754,0.13662,1.0
2015-06-11,4.17883,0.14307,1.0
2015-06-12,4.18225,0.15157,1.0
2015-06-13,4.18568,0.16179,1.0
2015-06-14,4.1891,0.17344,1.0
2015-06-15,4.19253,0.18624,1.0
2015-06-16,4.19734,0.16465,0.96537
2015-06-17,4.20215,0.14737,0.93074
2015-06-18,4.20697,0.13607,0.89611
2015-06-19,4.21178,0.13228,0.86148
2015-06-20,4.21659,0.13664,0.82685
2015-06-21,4.22141,0.14842,0.79223
2015-06-22,4.22622,0.16605,0.7576
2015-06-23,4.23104,0.1879,0.72297
2015-06-24,4.238,0.16612,0.7576
2015-06-25,4.24497,0.14873,0.79223
2015-06-26,4.25193,0.13741,0.82685
2015-06-27,4.2589,0.13369,0.86148
2015-06-28,4.26587,0.13821,0.89611
2015-06-29,4.27283,0.15021,0.93074
2015-06-30,4.2798,0.16811,0.96537
2015-07-01,4.28677,0.19024,1.0
2015-07-02,4.28995,0.15044,0.95425
2015-07-03,4.29313,0.13469,0.9085
2015-07-04,4.29631,0.15074,0.86275
2015-07-05,4.29949,0.19073,0.817
2015-07-06,4.30511,0.17274,0.8353
2015-07-07,4.31073,0.1574,0.8536
2015-07-08,4.31635,0.14556,0.8719
2015-07-09,4.32197,0.1381,0.8902
2015-07-10,4.32759,0.13577,0.9085
2015-07-11,4.33322,0.13881,0.9268
2015-07-12,4.33884,0.1469,0.9451
2015-07-13,4.34446,0.15926,0.9634
2015-07-14,4.35008,0.17499,0.9817
2015-07-15,4.3557,0.19328,1.0
2015-07-16,4.35255,0.18,0.98888
2015-07-17,4.34939,0.16792,0.97776
2015-07-18,4.34623,0.15733,0.96665
2015-07-19,4.34308,0.14854,0.95553
2015-07-20,4.33992,0.1419,0.94441
2015-07-21,4.33677,0.1377,0.93329
2015-07-22,4.33361,0.13618,0.92217
2015-07-23,4.33046,0.13742,0.91106
2015-07-24,4.3273,0.14136,0.89994
2015-07-25,4.32415,0.14777,0.88882
2015-07-26,4.32099,0.15636,0.8777
2015-07-27,4.31784,0.16678,0.86658
2015-07-28,4.31468,0.17872,0.85547
2015-07-29,4.31153,0.19189,0.84435
2015-07-30,4.31082,0.14299,0.89623
2015-07-31,4.31011,0.14288,0.94812
2015-08-01,4.3094,0.19164,1.0
2015-08-02,4.3071,0.17165,0.99414
2015-08-03,4.30479,0.15493,0.98828
2015-08-04,4.30249,0.14262,0.98243
2015-08-05,4.30018,0.13593,0.97657
2015-08-06,4.29787,0.1357,0.97071
2015-08-07,4.29557,0.14196,0.96485
2015-08-08,4.29326,0.15391,0.95899
2015-08-09,4.29095,0.17036,0.95314
2015-08-10,4.28865,0.19015,0.94728
2015-08-11,4.28537,0.15678,0.95782
2015-08-12,4.28209,0.13702,0.96837
2015-08-13,4.27881,0.13688,0.97891
2015-08-14,4.27554,0.15643,0.98946
2015-08-15,4.27226,0.18967,1.0
2015-08-16,4.27173,0.16483,0.98821
2015-08-17,4.27121,0.14595,0.97641
2015-08-18,4.27068,0.13556,0.96462
2015-08-19,4.27016,0.13563,0.95282
2015-08-20,4.26963,0.14613,0.94103
2015-08-21,4.26911,0.16509,0.92923
2015-08-22,4.26858,0.18999,0.91744
2015-08-23,4.27301,0.17207,0.9257
2015-08-24,4.27743,0.15676,0.93395
2015-08-25,4.28186,0.14492,0.94221
2015-08-26,4.28629,0.13742,0.95046
2015-08-27,4.29071,0.13501,0.95872
2015-08-28,4.29514,0.13794,0.96698
2015-08-29,4.29956,0.1459,0.97523
2015-08-30,4.30399,0.15812,0.98349
2015-08-31,4.30841,0.17372,0.99174
2015-09-01,4.31284,0.19186,1.0
2015-09-02,4.31699,0.13579,0.91204
2015-09-03,4.32113,0.19221,0.82407
2015-09-04,4.31597,0.1769,0.83873
2015-09-05,4.31081,0.16328,0.85339
2015-09-06,4.30565,0.1518,0.86806
2015-09-07,4.30049,0.14298,0.88272
2015-09-08,4.29533,0.13733,0.89738
2015-09-09,4.29017,0.13524,0.91204
2015-09-10,4.28501,0.13689,0.9267
2015-09-11,4.27985,0.14213,0.94136
2015-09-12,4.27469,0.15061,0.95602
2015-09-13,4.26953,0.1618,0.97068
2015-09-14,4.26437,0.17519,0.98534
2015-09-15,4.25921,0.19031,1.0
2015-09-16,4.2615,0.17518,0.98719
2015-09-17,4.26379,0.16177,0.97438
2015-09-18,4.26608,0.15053,0.96156
2015-09-19,4.26836,0.142,0.94875
2015-09-20,4.27065,0.13666,0.93594
2015-09-21,4.27294,0.13492,0.92313
2015-09-22,4.27523,0.13689,0.91031
2015-09-23,4.27752,0.14243,0.8975
2015-09-24,4.27981,0.15115,0.88469
2015-09-25,4.28209,0.16253,0.87188
2015-09-26,4.28438,0.17607,0.85906
2015-09-27,4.28667,0.19129,0.84625
2015-09-28,4.28538,0.15121,0.87379
2015-09-29,4.28408,0.13519,0.90134
2015-09-30,4.28279,0.15108,0.92888
2015-10-01,4.28149,0.19108,0.95642
2015-10-02,4.28083,0.16889,0.93629
2015-10-03,4.28017,0.15105,0.91615
2015-10-04,4.27951,0.13925,0.89601
2015-10-05,4.27885,0.13508,0.87587
2015-10-06,4.27819,0.13922,0.85573
2015-10-07,4.27753,0.151,0.83559
2015-10-08,4.27687,0.16882,0.81546
2015-10-09,4.27621,0.19099,0.79532
2015-10-10,4.28753,0.16242,0.82943
2015-10-11,4.29885,0.14285,0.86354
2015-10-12,4.31018,0.13621,0.89766
2015-10-13,4.3215,0.1443,0.93177
2015-10-14,4.33282,0.16497,0.96589
2015-10-15,4.34415,0.19425,1.0
2015-10-16,4.35085,0.16514,0.98214
2015-10-17,4.35754,0.14507,0.96427
2015-10-18,4.36424,0.13803,0.94641
2015-10-19,4.37093,0.14593,0.92855
2015-10-20,4.37763,0.16665,0.91068
2015-10-21,4.38433,0.19616,0.89282
2015-10-22,4.37588,0.17919,0.89902
2015-10-23,4.36743,0.16428,0.90523
2015-10-24,4.35898,0.15204,0.91143
2015-10-25,4.35053,0.14316,0.91763
2015-10-26,4.34209,0.13829,0.92384
2015-10-27,4.33364,0.13785,0.93004
2015-10-28,4.32519,0.14188,0.93624
2015-10-29,4.31674,0.15003,0.94245
2015-10-30,4.30829,0.16168,0.94865
2015-10-31,4.29984,0.17612,0.95485
2015-11-01,4.29139,0.19274,0.96106
2015-11-02,4.28362,0.19243,0.91721
2015-11-03,4.28238,0.17711,0.88736
2015-11-04,4.28114,0.16349,0.85751
2015-11-05,4.2799,0.15203,0.82766
2015-11-06,4.27866,0.14324,0.79781
2015-11-07,4.27742,0.13765,0.76796
2015-11-08,4.27618,0.13564,0.73811
2015-11-09,4.27494,0.13736,0.70826
2015-11-10,4.2737,0.1427,0.67841
2015-11-11,4.27246,0.15126,0.64856
2015-11-12,4.27122,0.16254,0.61871
2015-11-13,4.26998,0.17601,0.58886
2015-11-14,4.26874,0.19121,0.55901
2015-11-15,4.26813,0.19115,1.0
2015-11-16,4.26944,0.17961,0.97716
2015-11-17,4.27075,0.16897,0.95432
2015-11-18,4.27206,0.15942,0.93147
2015-11-19,4.27337,0.15117,0.90863
2015-11-20,4.27468,0.14444,0.88579
2015-11-21,4.27599,0.13945,0.86295
2015-11-22,4.2773,0.13639,0.8401
2015-11-23,4.27861,0.1354,0.81726
2015-11-24,4.27992,0.13651,0.79442
2015-11-25,4.28123,0.13967,0.77158
2015-11-26,4.28254,0.14476,0.74873
2015-11-27,4.28385,0.15158,0.72589
2015-11-28,4.28516,0.15991,0.70305
2015-11-29,4.28647,0.16952,0.68021
2015-11-30,4.28778,0.18021,0.65736
2015-12-01,4.28909,0.1918,0.63452
2015-12-02,4.28905,0.16666,0.61867
2015-12-03,4.28901,0.14753,0.60282
2015-12-04,4.28897,0.13693,0.58697
2015-12-05,4.28893,0.13688,0.57111
2015-12-06,4.28889,0.14738,0.55526
2015-12-07,4.28885,0.16645,0.53941
2015-12-08,4.28881,0.19154,0.52356
2015-12-09,4.28292,0.17628,0.52663
2015-12-10,4.27703,0.16269,0.5297
2015-12-11,4.27114,0.15121,0.53276
2015-12-12,4.26524,0.14235,0.53583
2015-12-13,4.25935,0.13664,0.5389
2015-12-14,4.25346,0.13446,0.54197
2015-12-15,4.24757,0.13599,0.54504
2015-12-16,4.24168,0.14111,0.54811
2015-12-17,4.23579,0.14945,0.55117
2015-12-18,4.2299,0.16051,0.55424
2015-12-19,4.224,0.17377,0.55731
2015-12-20,4.21811,0.18877,0.56038
2015-12-21,4.21928,0.17375,0.59372
2015-12-22,4.22045,0.1604,0.62706
2015-12-23,4.22162,0.1492,0.66041
2015-12-24,4.22279,0.14063,0.69375
2015-12-25,4.22396,0.13521,0.72709
2015-12-26,4.22513,0.13331,0.76043
2015-12-27,4.22629,0.1351,0.79378
2015-12-28,4.22746,0.14042,0.82712
2015-12-29,4.22863,0.1489,0.86046
2015-12-30,4.2298,0.16004,0.8938
2015-12-31,4.23097,0.17332,0.92715
2016-01-01,4.23214,0.1883,0.96049
2016-01-02,4.23219,0.17332,0.94337
2016-01-03,4.23224,0.16002,0.92624
2016-01-04,4.23229,0.14885,0.90912
2016-01-05,4.23235,0.14032,0.892
2016-01-06,4.2324,0.13493,0.87487
2016-01-07,4.23245,0.13307,0.85775
2016-01-08,4.2325,0.13488,0.84063
2016-01-09,4.23255,0.14021,0.82351
2016-01-10,4.23261,0.1487,0.80638
2016-01-11,4.23266,0.15984,0.78926
2016-01-12,4.23271,0.17311,0.77214
2016-01-13,4.23276,0.18807,0.75502
2016-01-14,4.22582,0.17308,0.75409
2016-01-15,4.21888,0.15971,0.75317
2016-01-16,4.21193,0.14841,0.75225
2016-01-17,4.20499,0.13966,0.75133
2016-01-18,4.19805,0.13397,0.75041
2016-01-19,4.19111,0.13175,0.74949
2016-01-20,4.18417,0.13316,0.74856
2016-01-21,4.17722,0.13809,0.74764
2016-01-22,4.17028,0.14618,0.74672
2016-01-23,4.16334,0.15696,0.7458
2016-01-24,4.1564,0.1699,0.74488
2016-01-25,4.14945,0.18455,0.74396
2016-01-26,4.14838,0.16039,0.7693
2016-01-27,4.14731,0.14205,0.79465
2016-01-28,4.14623,0.13199,0.81999
2016-01-29,4.14516,0.13211,0.84534
2016-01-30,4.14409,0.1424,0.87068
2016-01-31,4.14301,0.16091,0.89603
2016-02-01,4.14194,0.18519,0.92137
2016-02-02,4.14038,0.15272,0.90752
2016-02-03,4.13882,0.13359,0.89366
2016-02-04,4.13726,0.13365,0.8798
2016-02-05,4.1357,0.15288,0.86594
2016-02-06,4.13415,0.18541,0.85208
2016-02-07,4.13314,0.17065,0.82653
2016-02-08,4.13213,0.15754,0.80097
2016-02-09,4.13113,0.14652,0.77542
2016-02-10,4.13012,0.13808,0.74986
2016-02-11,4.12911,0.13272,0.72431
2016-02-12,4.1281,0.13082,0.69875
2016-02-13,4.1271,0.13253,0.6732
2016-02-14,4.12609,0.13771,0.64764
2016-02-15,4.12508,0.146,0.62209
2016-02-16,4.12408,0.1569,0.59653
2016-02-17,4.12307,0.16992,0.57098
2016-02-18,4.12206,0.1846,0.54542
2016-02-19,4.11969,0.1699,0.56184
2016-02-20,4.11732,0.15682,0.57825
2016-02-21,4.11494,0.1458,0.59467
2016-02-22,4.11257,0.13733,0.61109
2016-02-23,4.1102,0.13191,0.6275
2016-02-24,4.10782,0.12992,0.64392
2016-02-25,4.10545,0.13151,0.66033
2016-02-26,4.10307,0.13656,0.67675
2016-02-27,4.1007,0.14471,0.69316
2016-02-28,4.09833,0.15547,0.70958
2016-02-29,4.09595,0.16834,0.72599
2016-03-01,4.09358,0.18287,0.74241
2016-03-02,4.0895,0.16831,0.73037
2016-03-03,4.08542,0.15534,0.71833
2016-03-04,4.08134,0.1444,0.70629
2016-03-05,4.07726,0.13597,0.69425
2016-03-06,4.07318,0.13055,0.68221
2016-03-07,4.0691,0.12851,0.67017
2016-03-08,4.06502,0.13002,0.65813
2016-03-09,4.06093,0.13496,0.6461
2016-03-10,4.05685,0.14296,0.63406
2016-03-11,4.05277,0.15356,0.62202
2016-03-12,4.04869,0.16626,0.60998
2016-03-13,4.04461,0.18061,0.59794
2016-03-14,4.04134,0.16622,0.60111
2016-03-15,4.03807,0.15342,0.60428
2016-03-16,4.0348,0.14263,0.60745
2016-03-17,4.03153,0.13434,0.61062
2016-03-18,4.02826,0.12901,0.61379
2016-03-19,4.02499,0.12704,0.61696
2016-03-20,4.02171,0.12857,0.62013
2016-03-21,4.01844,0.13349,0.6233
2016-03-22,4.01517,0.14144,0.62646
2016-03-23,4.0119,0.15194,0.62963
2016-03-24,4.00863,0.16451,0.6328
2016-03-25,4.00536,0.17871,0.63597
2016-03-26,4.00009,0.15524,0.68527
2016-03-27,3.99482,0.13723,0.73456
2016-03-28,3.98955,0.12703,0.78385
2016-03-29,3.98428,0.12655,0.83314
2016-03-30,3.97902,0.13588,0.88244
2016-03-31,3.97375,0.15325,0.93173
2016-04-01,3.96848,0.17629,0.98102
2016-04-02,3.96523,0.16417,0.98238
2016-04-03,3.96199,0.15313,0.98373
2016-04-04,3.95874,0.14342,0.98509
2016-04-05,3.9555,0.13533,0.98645
2016-04-06,3.95225,0.12917,0.9878
2016-04-07,3.949,0.12521,0.98916
2016-04-08,3.94576,0.12368,0.99051
2016-04-09,3.94251,0.12466,0.99187
2016-04-10,3.93927,0.12809,0.99322
2016-04-11,3.93602,0.13379,0.99458
2016-04-12,3.93278,0.14147,0.99593
2016-04-13,3.92953,0.15085,0.99729
2016-04-14,3.92628,0.16162,0.99864
2016-04-15,3.92304,0.17352,1.0
2016-04-16,3.93353,0.16307,1.0
2016-04-17,3.94402,0.15351,1.0
2016-04-18,3.95451,0.14503,1.0
2016-04-19,3.96501,0.13781,1.0
2016-04-20,3.9755,0.13207,1.0
2016-04-21,3.98599,0.12801,1.0
2016-04-22,3.99648,0.12578,1.0
2016-04-23,4.00697,0.12549,1.0
2016-04-24,4.01747,0.12715,1.0
2016-04-25,4.02796,0.13069,1.0
2016-04-26,4.03845,0.13595,1.0
2016-04-27,4.04894,0.14275,1.0
2016-04-28,4.05943,0.15089,1.0
2016-04-29,4.06992,0.16015,1.0
2016-04-30,4.08042,0.17035,1.0
2016-05-01,4.09091,0.18134,1.0
2016-05-02,4.1061,0.16894,0.99251
2016-05-03,4.1213,0.15783,0.98502
2016-05-04,4.1365,0.14829,0.97753
2016-05-05,4.15169,0.14063,0.97003
2016-05-06,4.16689,0.1352,0.96254
2016-05-07,4.18208,0.13225,0.95505
2016-05-08,4.19728,0.13195,0.94756
2016-05-09,4.21248,0.13432,0.94007
2016-05-10,4.22767,0.13923,0.93258
2016-05-11,4.24287,0.14642,0.92508
2016-05-12,4.25807,0.15557,0.91759
2016-05-13,4.27326,0.16636,0.9101
2016-05-14,4.28846,0.1785,0.90261
2016-05-15,4.30365,0.19172,0.89512
2016-05-16,4.30825,0.17177,0.89108
2016-05-17,4.31284,0.15517,0.88704
2016-05-18,4.31743,0.1431,0.883
2016-05-19,4.32202,0.13678,0.87896
2016-05-20,4.32661,0.13699,0.87492
2016-05-21,4.3312,0.1437,0.87088
2016-05-22,4.33579,0.15609,0.86685
2016-05-23,4.34038,0.17293,0.86281
2016-05-24,4.34498,0.19306,0.85877
2016-05-25,4.35799,0.14398,0.79229
2016-05-26,4.371,0.14423,0.72582
2016-05-27,4.38401,0.19362,0.65934
2016-05-28,4.38487,0.1597,0.69421
2016-05-29,4.38572,0.1398,0.72909
2016-05-30,4.38658,0.14003,0.76396
2016-05-31,4.38743,0.16029,0.79883
2016-06-01,4.38829,0.19443,0.83371
2016-06-02,4.38756,0.15374,0.77561
2016-06-03,4.38682,0.13759,0.71751
2016-06-04,4.38609,0.15393,0.65941
2016-06-05,4.38536,0.19473,0.60132
2016-06-06,4.38829,0.1874,0.61622
2016-06-07,4.39122,0.1804,0.63111
2016-06-08,4.39416,0.17378,0.64601
2016-06-09,4.39709,0.16758,0.66091
2016-06-10,4.40002,0.16185,0.67581
2016-06-11,4.40296,0.15664,0.69071
2016-06-12,4.40589,0.152,0.70561
2016-06-13,4.40882,0.148,0.72051
2016-06-14,4.41176,0.14467,0.73541
2016-06-15,4.41469,0.14208,0.75031
2016-06-16,4.41762,0.14025,0.76521
2016-06-17,4.42056,0.13923,0.78011
2016-06-18,4.42349,0.13902,0.79501
2016-06-19,4.42642,0.13963,0.80991
2016-06-20,4.42936,0.14105,0.8248
2016-06-21,4.43229,0.14326,0.8397
2016-06-22,4.43522,0.14622,0.8546
2016-06-23,4.43816,0.14989,0.8695
2016-06-24,4.44109,0.15421,0.8844
2016-06-25,4.44402,0.15913,0.8993
2016-06-26,4.44696,0.1646,0.9142
2016-06-27,4.44989,0.17057,0.9291
2016-06-28,4.45282,0.17698,0.944
2016-06-29,4.45576,0.1838,0.9589
2016-06-30,4.45869,0.19096,0.9738
2016-07-01,4.46162,0.19845,0.9887
2016-07-02,4.461,0.1797,0.95412
2016-07-03,4.46037,0.16363,0.91954
2016-07-04,4.45974,0.15109,0.88497
2016-07-05,4.45912,0.14302,0.85039
2016-07-06,4.45849,0.14019,0.81581
2016-07-07,4.45786,0.14291,0.78124
2016-07-08,4.45724,0.15088,0.74666
2016-07-09,4.45661,0.16334,0.71208
2016-07-10,4.45598,0.17935,0.67751
2016-07-11,4.45536,0.19805,0.64293
2016-07-12,4.44454,0.14736,0.70168
2016-07-13,4.43373,0.14658,0.76044
2016-07-14,4.42292,0.19631,0.81919
2016-07-15,4.42163,0.19623,1.0
2016-07-16,4.42048,0.17344,0.97021
2016-07-17,4.41932,0.15509,0.94042
2016-07-18,4.41817,0.14291,0.91064
2016-07-19,4.41702,0.13854,0.88085
2016-07-20,4.41586,0.14269,0.85106
2016-07-21,4.41471,0.15469,0.82127
2016-07-22,4.41355,0.17291,0.79148
2016-07-23,4.4124,0.19561,0.76169
2016-07-24,4.41055,0.15462,0.806
2016-07-25,4.40869,0.13821,0.85032
2016-07-26,4.40684,0.15442,0.89463
2016-07-27,4.40498,0.1953,0.93894
2016-07-28,4.40077,0.16101,0.94897
2016-07-29,4.39656,0.14068,0.959
2016-07-30,4.39234,0.1405,0.96903
2016-07-31,4.38813,0.16053,0.97906
2016-08-01,4.38392,0.19464,0.98909
2016-08-02,4.3794,0.14502,0.94458
2016-08-03,4.37488,0.14484,0.90007
2016-08-04,4.37036,0.19425,0.85556
2016-08-05,4.36938,0.15359,0.88317
2016-08-06,4.3684,0.13744,0.91078
2016-08-07,4.36741,0.15374,0.93839
2016-08-08,4.36643,0.19449,0.96599
2016-08-09,4.36875,0.16903,0.93492
2016-08-10,4.37106,0.14972,0.90385
2016-08-11,4.37338,0.13915,0.87277
2016-08-12,4.37569,0.13932,0.8417
2016-08-13,4.37801,0.1502,0.81063
2016-08-14,4.38033,0.16975,0.77956
2016-08-15,4.38264,0.19537,0.74848
2016-08-16,4.38441,0.19545,0.96216
2016-08-17,4.3806,0.14563,0.95226
2016-08-18,4.37679,0.14546,0.94236
2016-08-19,4.37299,0.19508,0.93247
2016-08-20,4.36528,0.17471,0.9311
2016-08-21,4.35758,0.15763,0.92973
2016-08-22,4.34988,0.14499,0.92836
2016-08-23,4.34218,0.13801,0.92699
2016-08-24,4.33447,0.13757,0.92562
2016-08-25,4.32677,0.14373,0.92425
2016-08-26,4.31907,0.1557,0.92288
2016-08-27,4.31137,0.17227,0.92151
2016-08-28,4.30366,0.19227,0.92014
2016-08-29,4.29671,0.14314,0.92335
2016-08-30,4.28975,0.14263,0.92656
2016-08-31,4.28279,0.19114,0.92978
2016-09-01,4.27313,0.19063,1.0
2016-09-02,4.26616,0.16845,0.97988
2016-09-03,4.2592,0.15047,0.95976
2016-09-04,4.25223,0.13837,0.93964
2016-09-05,4.24527,0.13373,0.91952
2016-09-06,4.2383,0.13733,0.8994
2016-09-07,4.23134,0.14856,0.87928
2016-09-08,4.22437,0.16588,0.85915
2016-09-09,4.21741,0.18761,0.83903
2016-09-10,4.2124,0.13975,0.87525
2016-09-11,4.20739,0.13948,0.91147
2016-09-12,4.20238,0.18701,0.94768
2016-09-13,4.20178,0.16753,0.9066
2016-09-14,4.20117,0.1513,0.86552
2016-09-15,4.20057,0.13945,0.82443
2016-09-16,4.19996,0.13316,0.78335
2016-09-17,4.19936,0.13322,0.74227
2016-09-18,4.19875,0.13962,0.70118
2016-09-19,4.19815,0.15156,0.6601
2016-09-20,4.19754,0.16787,0.61902
2016-09-21,4.19694,0.1874,0.57793
2016-09-22,4.20556,0.14826,0.67209
2016-09-23,4.21418,0.13299,0.76625
2016-09-24,4.2228,0.14912,0.8604
2016-09-25,4.23142,0.18876,0.95456
2016-09-26,4.24646,0.15581,0.91547
2016-09-27,4.2615,0.13681,0.87638
2016-09-28,4.27654,0.13767,0.8373
2016-09-29,4.29158,0.15807,0.79821
2016-09-30,4.30662,0.19187,0.75912
2016-10-01,4.3168,0.19236,0.9771
2016-10-02,4.32516,0.15872,0.9779
2016-10-03,4.33351,0.13914,0.97871
2016-10-04,4.34187,0.13967,0.97951
2016-10-05,4.35023,0.1601,0.98031
2016-10-06,4.35859,0.19427,0.98111
2016-10-07,4.34751,0.17396,0.93445
2016-10-08,4.33644,0.15687,0.8878
2016-10-09,4.32536,0.14414,0.84114
2016-10-10,4.31428,0.13698,0.79448
2016-10-11,4.30321,0.13629,0.74783
2016-10-12,4.29213,0.14215,0.70117
2016-10-13,4.28106,0.15381,0.65451
2016-10-14,4.26998,0.17009,0.60785
2016-10-15,4.25891,0.18981,0.5612
2016-10-16,4.24571,0.14122,0.70092
2016-10-17,4.23251,0.14043,0.84065
2016-10-18,4.21931,0.18806,0.98038
2016-10-19,4.21299,0.17308,0.98187
2016-10-20,4.20667,0.15973,0.98336
2016-10-21,4.20034,0.14844,0.98485
2016-10-22,4.19402,0.13974,0.98634
2016-10-23,4.1877,0.1341,0.98783
2016-10-24,4.18138,0.13194,0.98932
2016-10-25,4.17506,0.13341,0.99081
2016-10-26,4.16873,0.13841,0.9923
2016-10-27,4.16241,0.14657,0.99379
2016-10-28,4.15609,0.15741,0.99528
2016-10-29,4.14977,0.1704,0.99677
2016-10-30,4.14345,0.1851,0.99827
2016-10-31,4.15334,0.13111,0.99062
2016-11-01,4.16324,0.18574,0.98297
2016-11-02,4.17546,0.14699,0.9582
2016-11-03,4.18767,0.13199,0.93343
2016-11-04,4.19989,0.14815,0.90865
2016-11-05,4.21211,0.18759,0.88388
2016-11-06,4.20863,0.1594,0.90219
2016-11-07,4.20515,0.13975,0.92051
2016-11-08,4.20166,0.13248,0.93882
2016-11-09,4.19818,0.13954,0.95713
2016-11-10,4.1947,0.15903,0.97544
2016-11-11,4.19122,0.18711,0.99376
2016-11-12,4.19376,0.15899,0.98637
2016-11-13,4.1963,0.13933,0.97898
2016-11-14,4.19884,0.13198,0.97158
2016-11-15,4.20138,0.13892,0.96419
2016-11-16,4.20392,0.15826,0.9568
2016-11-17,4.20646,0.18619,0.94941
2016-11-18,4.19549,0.15813,0.95765
2016-11-19,4.18451,0.1383,0.9659
2016-11-20,4.17354,0.13053,0.97414
2016-11-21,4.16257,0.13687,0.98238
2016-11-22,4.15159,0.15562,0.99062
2016-11-23,4.14062,0.18299,0.99886
2016-11-24,4.12992,0.15545,0.98355
2016-11-25,4.11922,0.13612,0.96823
2016-11-26,4.10851,0.12875,0.95292
2016-11-27,4.09781,0.1353,0.93761
2016-11-28,4.08711,0.15402,0.9223
2016-11-29,4.07641,0.18116,0.90698
2016-11-30,4.10122,0.12912,0.93959
2016-12-01,4.12604,0.18403,0.9722
2016-12-02,4.14741,0.14589,0.97644
2016-12-03,4.16879,0.13189,0.98068
2016-12-04,4.19016,0.14901,0.98492
2016-12-05,4.21154,0.18897,0.98916
2016-12-06,4.2009,0.16046,0.97324
2016-12-07,4.19026,0.14026,0.95732
2016-12-08,4.17962,0.13222,0.9414
2016-12-09,4.16898,0.13848,0.92548
2016-12-10,4.15835,0.15734,0.90956
2016-12-11,4.14771,0.18498,0.89364
2016-12-12,4.16919,0.15735,0.90974
2016-12-13,4.19068,0.13853,0.92583
2016-12-14,4.21216,0.13233,0.94192
2016-12-15,4.23364,0.14045,0.95801
2016-12-16,4.25512,0.16073,0.97411
2016-12-17,4.27661,0.18929,0.9902
2016-12-18,4.25332,0.16071,0.97951
2016-12-19,4.23002,0.1404,0.96883
2016-12-20,4.20673,0.1322,0.95815
2016-12-21,4.18344,0.13831,0.94746
2016-12-22,4.16015,0.15704,0.93678
2016-12-23,4.13686,0.18461,0.9261
2016-12-24,4.13709,0.15686,0.93606
2016-12-25,4.13732,0.13747,0.94602
2016-12-26,4.13755,0.13024,0.95598
2016-12-27,4.13778,0.13709,0.96595
2016-12-28,4.13801,0.15619,0.97591
2016-12-29,4.13824,0.18375,0.98587
2016-12-30,4.13261,0.13676,0.98518
2016-12-31,4.12699,0.13614,0.98448
2017-01-01,4.12136,0.18237,0.98379
2017-01-02,4.11943,0.13582,0.98533
2017-01-03,4.1175,0.1355,0.98686
2017-01-04,4.11557,0.18164,0.9884
2017-01-05,4.11551,0.15438,0.97843
2017-01-06,4.11544,0.13547,0.96846
2017-01-07,4.11538,0.12865,0.95849
2017-01-08,4.11532,0.13574,0.94852
2017-01-09,4.11525,0.15484,0.93855
2017-01-10,4.11519,0.18223,0.92858
2017-01-11,4.10772,0.15479,0.93258
2017-01-12,4.10025,0.13551,0.93659
2017-01-13,4.09278,0.12812,0.94059
2017-01-14,4.08532,0.13458,0.94459
2017-01-15,4.07785,0.15316,0.94859
2017-01-16,4.07038,0.18014,0.9526
2017-01-17,4.06858,0.15307,0.95861
2017-01-18,4.06679,0.13416,0.96462
2017-01-19,4.06499,0.12711,0.97063
2017-01-20,4.0632,0.13381,0.97664
2017-01-21,4.0614,0.15247,0.98265
2017-01-22,4.05961,0.17938,0.98866
2017-01-23,4.05416,0.15242,0.96568
2017-01-24,4.04871,0.13363,0.9427
2017-01-25,4.04326,0.12666,0.91972
2017-01-26,4.03781,0.13341,0.89674
2017-01-27,4.03237,0.15204,0.87376
2017-01-28,4.02692,0.17888,0.85078
2017-01-29,4.02699,0.17883,0.83418
2017-01-30,4.02809,0.13329,0.85952
2017-01-31,4.02918,0.13328,0.88486
2017-02-01,4.03028,0.17881,0.91019
2017-02-02,4.02857,0.12632,0.93255
2017-02-03,4.02686,0.17848,0.95491
2017-02-04,4.03295,0.15172,0.95319
2017-02-05,4.03904,0.13321,0.95147
2017-02-06,4.04512,0.12663,0.94976
2017-02-07,4.05121,0.13374,0.94804
2017-02-08,4.0573,0.15265,0.94632
2017-02-09,4.06338,0.17967,0.94461
2017-02-10,4.07056,0.15273,0.93198
2017-02-11,4.07773,0.13413,0.91936
2017-02-12,4.0849,0.12756,0.90673
2017-02-13,4.09208,0.13478,0.8941
2017-02-14,4.09925,0.15387,0.88148
2017-02-15,4.10642,0.18112,0.86885
2017-02-16,4.09501,0.15384,0.82619
2017-02-17,4.0836,0.13463,0.78352
2017-02-18,4.07219,0.12721,0.74085
2017-02-19,4.06078,0.13354,0.69818
2017-02-20,4.04937,0.15192,0.65551
2017-02-21,4.03796,0.17867,0.61285
2017-02-22,4.03465,0.15182,0.67293
2017-02-23,4.03133,0.13308,0.73301
2017-02-24,4.02802,0.12612,0.7931
2017-02-25,4.02471,0.1328,0.85318
2017-02-26,4.0214,0.15133,0.91327
2017-02-27,4.01809,0.17805,0.97335
2017-02-28,4.01637,0.1258,0.96333
2017-03-01,4.01466,0.17776,0.95331
2017-03-02,4.01352,0.1405,0.91557
2017-03-03,4.01237,0.12556,0.87782
2017-03-04,4.01123,0.14026,0.84008
2017-03-05,4.01008,0.17738,0.80233
2017-03-06,4.00474,0.15074,0.82369
2017-03-07,3.99939,0.13218,0.84504
2017-03-08,3.99405,0.12535,0.8664
2017-03-09,3.98871,0.13208,0.88775
2017-03-10,3.98336,0.15056,0.9091
2017-03-11,3.97802,0.17715,0.93046
2017-03-12,3.97813,0.14001,0.94506
2017-03-13,3.97825,0.12509,0.95966
2017-03-14,3.97836,0.13971,0.97426
2017-03-15,3.97848,0.17667,0.98886
2017-03-16,3.98459,0.12505,0.9379
2017-03-17,3.99071,0.17703,0.88693
2017-03-18,3.99807,0.15051,0.90407
2017-03-19,4.00543,0.13227,0.92121
2017-03-20,4.0128,0.12593,0.93835
2017-03-21,4.02016,0.13322,0.95549
2017-03-22,4.02752,0.15218,0.97263
2017-03-23,4.03489,0.17915,0.98977
2017-03-24,4.02765,0.15216,0.98362
2017-03-25,4.02041,0.13312,0.97747
2017-03-26,4.01317,0.12571,0.97132
2017-03-27,4.00594,0.13189,0.96516
2017-03-28,3.9987,0.15,0.95901
2017-03-29,3.99146,0.17639,0.95286
2017-03-30,3.99561,0.13159,0.96288
2017-03-31,3.99976,0.13193,0.9729
2017-04-01,4.00391,0.17715,0.98292
2017-04-02,4.00965,0.13217,0.96406
2017-04-03,4.0154,0.13256,0.9452
2017-04-04,4.02114,0.17803,0.92634
2017-04-05,4.02991,0.15141,0.93192
2017-04-06,4.03869,0.1332,0.9375
2017-04-07,4.04746,0.12709,0.94309
2017-04-08,4.05624,0.13471,0.94867
2017-04-09,4.06501,0.15406,0.95425
2017-04-10,4.07379,0.18141,0.95984
2017-04-11,4.08661,0.14977,0.89686
2017-04-12,4.09942,0.13163,0.83387
2017-04-13,4.11224,0.13265,0.77089
2017-04-14,4.12506,0.15243,0.70791
2017-04-15,4.13787,0.18506,0.64493
2017-04-16,4.14337,0.18543,0.92647
2017-04-17,4.14719,0.15766,0.91868
2017-04-18,4.151,0.13855,0.91089
2017-04-19,4.15481,0.13193,0.9031
2017-04-20,4.15862,0.13958,0.89531
2017-04-21,4.16243,0.15946,0.88752
2017-04-22,4.16625,0.18773,0.87973
2017-04-23,4.15796,0.15469,0.88592
2017-04-24,4.14967,0.13483,0.89212
2017-04-25,4.14138,0.13414,0.89831
2017-04-26,4.13309,0.15288,0.9045
2017-04-27,4.1248,0.18525,0.91069
2017-04-28,4.10427,0.18398,0.85026
2017-04-29,4.09368,0.13684,0.87397
2017-04-30,4.08309,0.13597,0.89768
2017-05-01,4.0725,0.18202,0.92139
2017-05-02,4.05802,0.16295,0.92924
2017-05-03,4.04354,0.14677,0.93708
2017-05-04,4.02906,0.13453,0.94493
2017-05-05,4.01458,0.12737,0.95278
2017-05-06,4.0001,0.12616,0.96063
2017-05-07,3.98562,0.13106,0.96847
2017-05-08,3.97114,0.14143,0.97632
2017-05-09,3.95667,0.1562,0.98417
2017-05-10,3.94219,0.17425,0.99202
2017-05-11,3.94285,0.1437,0.95882
2017-05-12,3.94352,0.12571,0.92563
2017-05-13,3.94418,0.12578,0.89243
2017-05-14,3.94485,0.14389,0.85924
2017-05-15,3.94551,0.1745,0.82605
2017-05-16,3.9613,0.15176,0.84583
2017-05-17,3.97708,0.13482,0.86562
2017-05-18,3.99287,0.12602,0.88541
2017-05-19,4.00865,0.12708,0.90519
2017-05-20,4.02443,0.13777,0.92498
2017-05-21,4.04022,0.15612,0.94477
2017-05-22,4.056,0.17981,0.96455
2017-05-23,4.05587,0.15283,0.91839
2017-05-24,4.05574,0.13411,0.87223
2017-05-25,4.05561,0.12735,0.82606
2017-05-26,4.05548,0.13438,0.7799
2017-05-27,4.05534,0.15329,0.73373
2017-05-28,4.05521,0.1804,0.68757
2017-05-29,4.05701,0.14264,0.76568
2017-05-30,4.05881,0.12763,0.84379
2017-05-31,4.0606,0.14276,0.92189
2017-06-01,4.0624,0.18059,1.0
2017-06-02,4.06599,0.12779,0.97917
2017-06-03,4.06958,0.18085,0.95835
2017-06-04,4.06895,0.1537,0.95595
2017-06-05,4.06832,0.13481,0.95355
2017-06-06,4.06769,0.12792,0.95115
2017-06-07,4.06707,0.13486,0.94875
2017-06-08,4.06644,0.15378,0.94635
2017-06-09,4.06581,0.18096,0.94395
2017-06-10,4.06917,0.15381,0.94584
2017-06-11,4.07252,0.13499,0.94773
2017-06-12,4.07587,0.12823,0.94962
2017-06-13,4.07923,0.13535,0.95151
2017-06-14,4.08258,0.15443,0.9534
2017-06-15,4.08594,0.18174,0.9553
2017-06-16,4.10046,0.15459,0.93924
2017-06-17,4.11499,0.1361,0.92319
2017-06-18,4.12951,0.13001,0.90713
2017-06-19,4.14404,0.13798,0.89108
2017-06-20,4.15857,0.1579,0.87502
2017-06-21,4.17309,0.18596,0.85897
2017-06-22,4.17649,0.15803,0.8788
2017-06-23,4.17988,0.13858,0.89864
2017-06-24,4.18328,0.13142,0.91847
2017-06-25,4.18667,0.13849,0.9383
2017-06-26,4.19007,0.15788,0.95814
2017-06-27,4.19346,0.18577,0.97797
2017-06-28,4.19056,0.14682,0.9831
2017-06-29,4.18766,0.13119,0.98823
2017-06-30,4.18476,0.14653,0.99336
2017-07-01,4.18186,0.1853,0.99849
2017-07-02,4.17612,0.13086,0.95823
2017-07-03,4.17039,0.18483,0.91796
2017-07-04,4.17095,0.15708,0.92972
2017-07-05,4.17151,0.13779,0.94149
2017-07-06,4.17207,0.13075,0.95325
2017-07-07,4.17263,0.13786,0.96501
2017-07-08,4.1732,0.15721,0.97677
2017-07-09,4.17376,0.18499,0.98853
2017-07-10,4.17388,0.15721,0.983
2017-07-11,4.17401,0.13788,0.97748
2017-07-12,4.17413,0.1308,0.97195
2017-07-13,4.17426,0.13786,0.96643
2017-07-14,4.17439,0.15718,0.96091
2017-07-15,4.17451,0.18496,0.95538
2017-07-16,4.17551,0.15718,0.96241
2017-07-17,4.1765,0.13785,0.96944
2017-07-18,4.1775,0.13077,0.97646
2017-07-19,4.17849,0.13784,0.98349
2017-07-20,4.17949,0.15716,0.99052
2017-07-21,4.18048,0.18493,0.99754
2017-07-22,4.20614,0.15738,0.98688
2017-07-23,4.23179,0.13886,0.97621
2017-07-24,4.25745,0.13317,0.96554
2017-07-25,4.2831,0.14187,0.95487
2017-07-26,4.30875,0.16266,0.94421
2017-07-27,4.33441,0.19166,0.93354
2017-07-28,4.32338,0.15797,0.94527
2017-07-29,4.31236,0.13783,0.957
2017-07-30,4.30134,0.13736,0.96873
2017-07-31,4.29031,0.15673,0.98046
2017-08-01,4.27929,0.18997,0.99219
2017-08-02,4.26704,0.18958,0.9752
2017-08-03,4.2536,0.16098,0.97061
2017-08-04,4.24015,0.14073,0.96602
2017-08-05,4.2267,0.13269,0.96142
2017-08-06,4.21326,0.139,0.95683
2017-08-07,4.19981,0.15795,0.95224
2017-08-08,4.18636,0.18571,0.94764
2017-08-09,4.18095,0.15778,0.95492
2017-08-10,4.17553,0.13821,0.96219
2017-08-11,4.17011,0.13082,0.96947
2017-08-12,4.16469,0.13758,0.97674
2017-08-13,4.15927,0.15667,0.98402
2017-08-14,4.15385,0.1843,0.99129
2017-08-15,4.15341,0.15661,0.98562
2017-08-16,4.15296,0.13733,0.97995
2017-08-17,4.15251,0.13024,0.97429
2017-08-18,4.15206,0.13723,0.96862
2017-08-19,4.15161,0.15644,0.96295
2017-08-20,4.15116,0.18407,0.95728
2017-08-21,4.14607,0.15638,0.9644
2017-08-22,4.14098,0.13695,0.97152
2017-08-23,4.13589,0.12958,0.97864
2017-08-24,4.13079,0.13622,0.98576
2017-08-25,4.1257,0.15509,0.99288
2017-08-26,4.12061,0.18244,1.0
2017-08-27,4.1172,0.15502,1.0
2017-08-28,4.11378,0.13589,1.0
2017-08-29,4.11037,0.1288,1.0
2017-08-30,4.10696,0.13563,1.0
2017-08-31,4.10354,0.15456,1.0
2017-09-01,4.10013,0.18185,1.0
2017-09-02,4.0807,0.15437,0.99897
2017-09-03,4.06128,0.13476,0.99795
2017-09-04,4.04185,0.12671,0.99692
2017-09-05,4.02242,0.13237,0.99589
2017-09-06,4.003,0.15018,0.99486
2017-09-07,3.98357,0.17651,0.99384
2017-09-08,3.99515,0.15011,0.98401
2017-09-09,4.00672,0.13203,0.97419
2017-09-10,4.0183,0.12592,0.96437
2017-09-11,4.02987,0.13343,0.95455
2017-09-12,4.04145,0.15255,0.94473
2017-09-13,4.05302,0.17963,0.9349
2017-09-14,4.05276,0.15266,0.94476
2017-09-15,4.05249,0.13389,0.95462
2017-09-16,4.05223,0.12702,0.96448
2017-09-17,4.05196,0.1339,0.97433
2017-09-18,4.0517,0.15267,0.98419
2017-09-19,4.05143,0.17965,0.99405
2017-09-20,4.04249,0.15259,0.98322
2017-09-21,4.03355,0.13353,0.9724
2017-09-22,4.02461,0.12615,0.96157
2017-09-23,4.01566,0.13241,0.95075
2017-09-24,4.00672,0.15062,0.93992
2017-09-25,3.99778,0.17714,0.92909
2017-09-26,3.98082,0.15041,0.94091
2017-09-27,3.96386,0.13145,0.95273
2017-09-28,3.9469,0.12386,0.96455
2017-09-29,3.92994,0.12967,0.97636
2017-09-30,3.91298,0.14729,0.98818
2017-10-01,3.89602,0.17316,1.0
2017-10-02,3.90479,0.14721,0.9896
2017-10-03,3.91357,0.12929,0.9792
2017-10-04,3.92234,0.12297,0.96879
2017-10-05,3.93112,0.12996,0.95839
2017-10-06,3.93989,0.14838,0.94799
2017-10-07,3.94867,0.17466,0.93759
2017-10-08,3.95737,0.1485,0.94799
2017-10-09,3.96608,0.13052,0.95839
2017-10-10,3.97479,0.1243,0.96879
2017-10-11,3.98349,0.13152,0.9792
2017-10-12,3.9922,0.15026,0.9896
2017-10-13,4.00091,0.1769,1.0
2017-10-14,4.00658,0.1504,0.97935
2017-10-15,4.01225,0.13217,0.95869
2017-10-16,4.01792,0.12583,0.93804
2017-10-17,4.0236,0.1331,0.91739
2017-10-18,4.02927,0.15204,0.89673
2017-10-19,4.03494,0.17898,0.87608
2017-10-20,4.04616,0.15223,0.89272
2017-10-21,4.05739,0.13399,0.90937
2017-10-22,4.06861,0.12793,0.92601
2017-10-23,4.07983,0.13572,0.94265
2017-10-24,4.09106,0.15527,0.9593
2017-10-25,4.10228,0.18285,0.97594
2017-10-26,4.10121,0.15888,0.9752
2017-10-27,4.10014,0.14063,0.97446
2017-10-28,4.09906,0.13052,0.97371
2017-10-29,4.09799,0.13045,0.97297
2017-10-30,4.09692,0.14043,0.97223
2017-10-31,4.09585,0.15859,0.97149
2017-11-01,4.09478,0.1825,0.97074
2017-11-02,4.09748,0.15047,0.97352
2017-11-03,4.10017,0.13152,0.9763
2017-11-04,4.10287,0.13143,0.97908
2017-11-05,4.10557,0.15022,0.98185
2017-11-06,4.10827,0.18215,0.98463
2017-11-07,4.10353,0.15476,0.95839
2017-11-08,4.09879,0.1356,0.93216
2017-11-09,4.09406,0.1284,0.90592
2017-11-10,4.08932,0.13509,0.87969
2017-11-11,4.08459,0.15386,0.85345
2017-11-12,4.07985,0.18101,0.82722
2017-11-13,4.07655,0.15377,0.85559
2017-11-14,4.07325,0.13466,0.88397
2017-11-15,4.06996,0.12739,0.91235
2017-11-16,4.06666,0.1339,0.94073
2017-11-17,4.06336,0.15244,0.9691
2017-11-18,4.06006,0.17931,0.99748
2017-11-19,4.04586,0.15227,0.93866
2017-11-20,4.03166,0.13313,0.87984
2017-11-21,4.01746,0.12554,0.82102
2017-11-22,4.00326,0.13154,0.7622
2017-11-23,3.98906,0.14949,0.70337
2017-11-24,3.97486,0.17576,0.64455
2017-11-25,3.97369,0.14935,0.70379
2017-11-26,3.97252,0.13091,0.76304
2017-11-27,3.97135,0.12405,0.82228
2017-11-28,3.97018,0.13061,0.88152
2017-11-29,3.96902,0.14883,0.94076
2017-11-30,3.96785,0.1751,1.0
2017-12-01,3.96422,0.17478,1.0
2017-12-02,3.9617,0.14407,1.0
2017-12-03,3.95917,0.12578,1.0
2017-12-04,3.95665,0.12545,1.0
2017-12-05,3.95412,0.14322,1.0
2017-12-06,3.9516,0.17361,1.0
2017-12-07,3.94695,0.14751,1.0
2017-12-08,3.94231,0.12927,1.0
2017-12-09,3.93767,0.12244,1.0
2017-12-10,3.93302,0.12887,1.0
2017-12-11,3.92838,0.14681,1.0
2017-12-12,3.92373,0.17271,1.0
2017-12-13,3.93206,0.14686,0.9853
2017-12-14,3.94039,0.12912,0.9706
2017-12-15,3.94872,0.12304,0.9559
2017-12-16,3.95705,0.13027,0.94119
2017-12-17,3.96538,0.14888,0.92649
2017-12-18,3.97371,0.17529,0.91179
2017-12-19,3.96087,0.14887,0.92649
2017-12-20,3.94802,0.13019,0.94119
2017-12-21,3.93518,0.12285,0.9559
2017-12-22,3.92233,0.1288,0.9706
2017-12-23,3.90949,0.14642,0.9853
2017-12-24,3.89665,0.17218,1.0
2017-12-25,3.89498,0.14626,0.99087
2017-12-26,3.89332,0.12807,0.98174
2017-12-27,3.89165,0.12112,0.9726
2017-12-28,3.88999,0.12727,0.96347
2017-12-29,3.88832,0.14486,0.95434
2017-12-30,3.88666,0.17039,0.94521
2017-12-31,3.89005,0.12071,0.92063
2018-01-01,3.89345,0.17103,0.89606
2018-01-02,3.89898,0.13534,0.92204
2018-01-03,3.90451,0.12153,0.94803
2018-01-04,3.91004,0.13641,0.97401
2018-01-05,3.91557,0.17271,1.0
2018-01-06,3.93591,0.14693,0.98712
2018-01-07,3.95624,0.12946,0.97424
2018-01-08,3.97657,0.12384,0.96136
2018-01-09,3.9969,0.13161,0.94848
2018-01-10,4.01723,0.15071,0.9356
2018-01-11,4.03756,0.17752,0.92272
2018-01-12,4.0375,0.15089,0.93235
2018-01-13,4.03744,0.13245,0.94197
2018-01-14,4.03738,0.12585,0.9516
2018-01-15,4.03732,0.13286,0.96123
2018-01-16,4.03726,0.15161,0.97085
2018-01-17,4.0372,0.17843,0.98048
2018-01-18,4.04459,0.15173,0.98156
2018-01-19,4.05198,0.13339,0.98264
2018-01-20,4.05938,0.12711,0.98372
2018-01-21,4.06677,0.13458,0.9848
2018-01-22,4.07416,0.1538,0.98588
2018-01-23,4.08155,0.18108,0.98696
2018-01-24,4.08907,0.15398,0.97397
2018-01-25,4.09658,0.13541,0.96098
2018-01-26,4.1041,0.1291,0.94798
2018-01-27,4.11161,0.13675,0.93499
2018-01-28,4.11913,0.15632,0.922
2018-01-29,4.12664,0.18406,0.909
2018-01-30,4.14137,0.1375,0.90752
2018-01-31,4.1561,0.13845,0.90604
2018-02-01,4.17083,0.18617,0.90456
2018-02-02,4.18092,0.13897,0.91938
2018-02-03,4.191,0.13958,0.93421
2018-02-04,4.20108,0.18753,0.94903
2018-02-05,4.19334,0.15929,0.95415
2018-02-06,4.1856,0.13941,0.95926
2018-02-07,4.17786,0.13173,0.96437
2018-02-08,4.17012,0.13831,0.96949
2018-02-09,4.16238,0.15735,0.9746
2018-02-10,4.15464,0.18506,0.97971
2018-02-11,4.14916,0.15258,0.97432
2018-02-12,4.14369,0.13333,0.96893
2018-02-13,4.13821,0.13319,0.96355
2018-02-14,4.13274,0.15221,0.95816
2018-02-15,4.12726,0.18455,0.95277
2018-02-16,4.12514,0.18462,0.79053
2018-02-17,4.12272,0.15688,0.80431
2018-02-18,4.1203,0.13753,0.81808
2018-02-19,4.11788,0.13037,0.83185
2018-02-20,4.11547,0.13731,0.84563
2018-02-21,4.11305,0.15648,0.8594
2018-02-22,4.11063,0.18411,0.87317
2018-02-23,4.11391,0.15649,0.84326
2018-02-24,4.11719,0.13734,0.81335
2018-02-25,4.12048,0.13046,0.78343
2018-02-26,4.12376,0.13769,0.75352
2018-02-27,4.12704,0.15709,0.72361
2018-02-28,4.13032,0.18488,0.69369
2018-03-01,4.12987,0.18463,0.98167
2018-03-02,4.13242,0.15222,0.97403
2018-03-03,4.13498,0.13301,0.96639
2018-03-04,4.13753,0.13285,0.95875
2018-03-05,4.14009,0.15181,0.95111
2018-03-06,4.14264,0.18406,0.94347
2018-03-07,4.14371,0.15642,0.89799
2018-03-08,4.14479,0.13719,0.85252
2018-03-09,4.14586,0.13016,0.80704
2018-03-10,4.14694,0.13721,0.76156
2018-03-11,4.14801,0.15645,0.71609
2018-03-12,4.14908,0.1841,0.67061
2018-03-13,4.1514,0.13722,0.77629
2018-03-14,4.15372,0.13723,0.88196
2018-03-15,4.15604,0.18411,0.98764
2018-03-16,4.15301,0.13711,0.98184
2018-03-17,4.14999,0.13678,0.97604
2018-03-18,4.14697,0.18336,0.97024
2018-03-19,4.14226,0.15575,0.94738
2018-03-20,4.13756,0.13632,0.92452
2018-03-21,4.13285,0.12884,0.90166
2018-03-22,4.12815,0.13528,0.8788
2018-03-23,4.12344,0.15393,0.85593
2018-03-24,4.11874,0.18103,0.83307
2018-03-25,4.10891,0.15378,0.86089
2018-03-26,4.09907,0.13462,0.88872
2018-03-27,4.08924,0.12726,0.91654
2018-03-28,4.07941,0.13366,0.94436
2018-03-29,4.06957,0.1521,0.97218
2018-03-30,4.05974,0.1789,1.0
2018-03-31,4.06784,0.12667,1.0
2018-04-01,4.07594,0.17938,1.0
2018-04-02,4.08482,0.14192,0.98325
2018-04-03,4.0937,0.12732,0.9665
2018-04-04,4.10258,0.14277,0.94975
2018-04-05,4.11147,0.18073,0.93301
2018-04-06,4.10515,0.15355,0.93792
2018-04-07,4.09883,0.13451,0.94283
2018-04-08,4.09252,0.12732,0.94775
2018-04-09,4.0862,0.13391,0.95266
2018-04-10,4.07988,0.15249,0.95758
2018-04-11,4.07356,0.17939,0.96249
2018-04-12,4.06928,0.14182,0.93025
2018-04-13,4.065,0.12685,0.89801
2018-04-14,4.06072,0.14182,0.86576
2018-04-15,4.05644,0.17939,0.83352
2018-04-16,4.06129,0.12714,0.75324
2018-04-17,4.06615,0.18021,0.67295
2018-04-18,4.06505,0.15315,0.72708
2018-04-19,4.06395,0.13434,0.78122
2018-04-20,4.06284,0.12749,0.83536
2018-04-21,4.06174,0.13442,0.88949
2018-04-22,4.06064,0.15329,0.94363
2018-04-23,4.05953,0.18038,0.99777
2018-04-24,4.07234,0.15342,0.97965
2018-04-25,4.08515,0.13504,0.96153
2018-04-26,4.09796,0.12894,0.94341
2018-04-27,4.11077,0.13679,0.9253
2018-04-28,4.12357,0.1565,0.90718
2018-04-29,4.13638,0.1843,0.88906
2018-04-30,4.15163,0.13099,0.92804
2018-05-01,4.16688,0.1862,0.96702
2018-05-02,4.18276,0.14751,0.97526
2018-05-03,4.19864,0.133,0.98351
2018-05-04,4.21452,0.14989,0.99175
2018-05-05,4.2304,0.18997,1.0
2018-05-06,4.24195,0.16153,0.98785
2018-05-07,4.25351,0.14202,0.9757
2018-05-08,4.26507,0.13533,0.96354
2018-05-09,4.27663,0.14328,0.95139
2018-05-10,4.28819,0.16375,0.93924
2018-05-11,4.29974,0.19279,0.92709
2018-05-12,4.30758,0.15254,0.94477
2018-05-13,4.31541,0.13688,0.96246
2018-05-14,4.32325,0.15352,0.98015
2018-05-15,4.33108,0.19435,0.99784
2018-05-16,4.31827,0.137,0.99667
2018-05-17,4.30545,0.19315,0.99549
2018-05-18,4.3023,0.1641,0.9542
2018-05-19,4.29915,0.14373,0.91292
2018-05-20,4.296,0.13602,0.87163
2018-05-21,4.29285,0.14302,0.83034
2018-05-22,4.28969,0.16284,0.78905
2018-05-23,4.28654,0.19156,0.74776
2018-05-24,4.28651,0.16282,0.76266
2018-05-25,4.28648,0.14291,0.77756
2018-05-26,4.28644,0.13576,0.79246
2018-05-27,4.28641,0.1433,0.80736
2018-05-28,4.28637,0.1635,0.82226
2018-05-29,4.28634,0.19243,0.83716
2018-05-30,4.27752,0.14321,0.87122
2018-05-31,4.2687,0.14257,0.90527
2018-06-01,4.25988,0.19098,0.93933
2018-06-02,4.24319,0.17098,0.93459
2018-06-03,4.2265,0.15401,0.92986
2018-06-04,4.2098,0.14118,0.92512
2018-06-05,4.19311,0.13368,0.92038
2018-06-06,4.17642,0.13243,0.91564
2018-06-07,4.15973,0.13759,0.91091
2018-06-08,4.14303,0.14851,0.90617
2018-06-09,4.12634,0.16402,0.90143
2018-06-10,4.10965,0.18297,0.89669
2018-06-11,4.09763,0.15075,0.91736
2018-06-12,4.08561,0.13135,0.93802
2018-06-13,4.07359,0.13062,0.95868
2018-06-14,4.06157,0.14882,0.97934
2018-06-15,4.04955,0.18031,1.0
2018-06-16,4.05891,0.1808,0.83893
2018-06-17,4.07378,0.15377,0.86022
2018-06-18,4.08865,0.1353,0.88151
2018-06-19,4.10352,0.12911,0.9028
2018-06-20,4.11839,0.13689,0.92409
2018-06-21,4.13326,0.15656,0.94538
2018-06-22,4.14814,0.18436,0.96667
2018-06-23,4.15849,0.15681,0.94618
2018-06-24,4.16884,0.13803,0.92569
2018-06-25,4.17919,0.13182,0.9052
2018-06-26,4.18954,0.13986,0.88471
2018-06-27,4.19989,0.16002,0.86422
2018-06-28,4.21024,0.18845,0.84373
2018-06-29,4.21603,0.14052,0.89159
2018-06-30,4.22181,0.14067,0.93945
2018-07-01,4.2276,0.1888,0.9873
2018-07-02,4.23371,0.14079,0.98076
2018-07-03,4.23982,0.14101,0.97421
2018-07-04,4.24593,0.18928,0.96766
2018-07-05,4.2477,0.16088,0.9591
2018-07-06,4.24948,0.14119,0.95054
2018-07-07,4.25125,0.1341,0.94198
2018-07-08,4.25303,0.14152,0.93342
2018-07-09,4.2548,0.16146,0.92485
2018-07-10,4.25658,0.19001,0.91629
2018-07-11,4.27701,0.15686,0.93181
2018-07-12,4.29744,0.13781,0.94733
2018-07-13,4.31786,0.13879,0.96285
2018-07-14,4.33829,0.15944,0.97837
2018-07-15,4.35872,0.19355,0.99389
2018-07-16,4.3685,0.19377,0.96847
2018-07-17,4.35818,0.16458,0.95099
2018-07-18,4.34786,0.144,0.93351
2018-07-19,4.33754,0.136,0.91603
2018-07-20,4.32722,0.1427,0.89855
2018-07-21,4.3169,0.16231,0.88107
2018-07-22,4.30658,0.19087,0.86359
2018-07-23,4.32079,0.16233,0.88611
2018-07-24,4.33501,0.14281,0.90864
2018-07-25,4.34923,0.13625,0.93116
2018-07-26,4.36345,0.14443,0.95368
2018-07-27,4.37767,0.16517,0.9762
2018-07-28,4.39188,0.1945,0.99873
2018-07-29,4.39097,0.15378,0.99905
2018-07-30,4.39005,0.13761,0.99936
2018-07-31,4.38913,0.15392,0.99968
2018-08-01,4.38822,0.19472,1.0
2018-08-02,4.38459,0.13763,0.97772
2018-08-03,4.38096,0.19456,0.95545
2018-08-04,4.36536,0.1652,0.96057
2018-08-05,4.34976,0.14437,0.9657
2018-08-06,4.33416,0.13604,0.97082
2018-08-07,4.31856,0.14242,0.97594
2018-08-08,4.30296,0.16178,0.98107
2018-08-09,4.28736,0.1902,0.98619
2018-08-10,4.28157,0.16159,0.98849
2018-08-11,4.27578,0.14156,0.99079
2018-08-12,4.26998,0.13401,0.99309
2018-08-13,4.26419,0.14095,0.9954
2018-08-14,4.25839,0.16052,0.9977
2018-08-15,4.2526,0.18884,1.0
2018-08-16,4.25216,0.16048,1.0
2018-08-17,4.25172,0.14076,1.0
2018-08-18,4.25128,0.13355,1.0
2018-08-19,4.25083,0.1408,1.0
2018-08-20,4.25039,0.16054,1.0
2018-08-21,4.24995,0.18891,1.0
2018-08-22,4.23739,0.16041,0.99559
2018-08-23,4.22484,0.14019,0.99118
2018-08-24,4.21228,0.1321,0.98678
2018-08-25,4.19972,0.1383,0.98237
2018-08-26,4.18716,0.1571,0.97796
2018-08-27,4.17461,0.1847,0.97355
2018-08-28,4.16762,0.15224,0.97884
2018-08-29,4.16063,0.13288,0.98413
2018-08-30,4.15364,0.1325,0.98942
2018-08-31,4.14666,0.15124,0.99471
2018-09-01,4.13967,0.18333,1.0
2018-09-02,4.13593,0.18321,1.0
2018-09-03,4.15303,0.15585,0.92932
2018-09-04,4.17013,0.13724,0.85865
2018-09-05,4.18724,0.13118,0.78797
2018-09-06,4.20434,0.13929,0.71729
2018-09-07,4.22144,0.15944,0.64662
2018-09-08,4.23854,0.18778,0.57594
2018-09-09,4.2322,0.15953,0.64645
2018-09-10,4.22585,0.13972,0.71696
2018-09-11,4.21951,0.1322,0.78748
2018-09-12,4.21316,0.13899,0.85799
2018-09-13,4.20682,0.15825,0.9285
2018-09-14,4.20047,0.18615,0.99901
2018-09-15,4.18546,0.18546,1.0
2018-09-16,4.16022,0.15265,0.95971
2018-09-17,4.13498,0.13242,0.91942
2018-09-18,4.10974,0.13076,0.87914
2018-09-19,4.0845,0.14828,0.83885
2018-09-20,4.05926,0.17946,0.79856
2018-09-21,4.04582,0.15239,0.83213
2018-09-22,4.03238,0.13318,0.86571
2018-09-23,4.01895,0.1255,0.89928
2018-09-24,4.00551,0.1314,0.93285
2018-09-25,3.99208,0.14927,0.96643
2018-09-26,3.97864,0.17549,1.0
2018-09-27,3.99239,0.14488,0.99359
2018-09-28,4.00613,0.12731,0.98719
2018-09-29,4.01987,0.12825,0.98078
2018-09-30,4.03361,0.14735,0.97437
2018-10-01,4.04736,0.17888,0.96796
2018-10-02,4.06117,0.17956,1.0
2018-10-03,4.06558,0.15261,1.0
2018-10-04,4.06999,0.13389,1.0
2018-10-05,4.0744,0.12709,1.0
2018-10-06,4.07881,0.13404,1.0
2018-10-07,4.08322,0.15288,1.0
2018-10-08,4.08763,0.17991,1.0
2018-10-09,4.0839,0.15287,1.0
2018-10-10,4.08017,0.13399,1.0
2018-10-11,4.07643,0.12696,1.0
2018-10-12,4.0727,0.13367,1.0
2018-10-13,4.06897,0.15231,1.0
2018-10-14,4.06523,0.1792,1.0
2018-10-15,4.07771,0.1524,1.0
2018-10-16,4.09018,0.13407,1.0
2018-10-17,4.10266,0.1279,1.0
2018-10-18,4.11513,0.13557,1.0
2018-10-19,4.1276,0.15503,1.0
2018-10-20,4.14008,0.18255,1.0
2018-10-21,4.13163,0.15505,0.99295
2018-10-22,4.12318,0.13564,0.98591
2018-10-23,4.11473,0.12806,0.97886
2018-10-24,4.10628,0.13434,0.97181
2018-10-25,4.09783,0.15277,0.96476
2018-10-26,4.08938,0.17965,0.95772
2018-10-27,4.09558,0.15273,0.96476
2018-10-28,4.10178,0.13415,0.97181
2018-10-29,4.10797,0.12761,0.97886
2018-10-30,4.11417,0.13488,0.98591
2018-10-31,4.12037,0.15401,0.99295
2018-11-01,4.12656,0.18129,1.0
2018-11-02,4.12473,0.15407,0.98032
2018-11-03,4.1229,0.13514,0.96064
2018-11-04,4.12108,0.12823,0.94095
2018-11-05,4.11925,0.13519,0.92127
2018-11-06,4.11742,0.15416,0.90159
2018-11-07,4.11559,0.1814,0.88191
2018-11-08,4.11683,0.15423,0.90159
2018-11-09,4.11806,0.1355,0.92127
2018-11-10,4.1193,0.12895,0.94095
2018-11-11,4.12053,0.13636,0.96064
2018-11-12,4.12177,0.15574,0.98032
2018-11-13,4.123,0.18333,1.0
2018-11-14,4.12672,0.15582,0.94361
2018-11-15,4.13044,0.13675,0.88723
2018-11-16,4.13416,0.12987,0.83084
2018-11-17,4.13787,0.13704,0.77446
2018-11-18,4.14159,0.15634,0.71807
2018-11-19,4.14531,0.18399,0.66169
2018-11-20,4.12503,0.1562,0.71729
2018-11-21,4.10474,0.13638,0.7729
2018-11-22,4.08445,0.1283,0.82851
2018-11-23,4.06417,0.13408,0.88412
2018-11-24,4.04388,0.15216,0.93973
2018-11-25,4.0236,0.17885,0.99533
2018-11-26,4.03705,0.15206,0.99611
2018-11-27,4.0505,0.1336,0.99689
2018-11-28,4.06396,0.12716,0.99767
2018-11-29,4.07741,0.13448,0.99844
2018-11-30,4.09086,0.15359,0.99922
2018-12-01,4.10432,0.18081,1.0
2018-12-02,4.11241,0.15372,1.0
2018-12-03,4.1205,0.13507,1.0
2018-12-04,4.12859,0.12856,1.0
2018-12-05,4.13668,0.13597,1.0
2018-12-06,4.14477,0.1553,1.0
2018-12-07,4.15286,0.18282,1.0
2018-12-08,4.13914,0.15523,0.92805
2018-12-09,4.12543,0.13563,0.8561
2018-12-10,4.11171,0.12776,0.78416
2018-12-11,4.09799,0.13371,0.71221
2018-12-12,4.08427,0.15186,0.64026
2018-12-13,4.07056,0.17852,0.56831
2018-12-14,4.06154,0.15164,0.64026
2018-12-15,4.05253,0.13274,0.71221
2018-12-16,4.04352,0.12546,0.78416
2018-12-17,4.03451,0.13175,0.8561
2018-12-18,4.0255,0.14991,0.92805
2018-12-19,4.01649,0.17632,1.0
2018-12-20,4.01477,0.14985,0.98475
2018-12-21,4.01305,0.13148,0.9695
2018-12-22,4.01134,0.12481,0.95425
2018-12-23,4.00962,0.13165,0.939
2018-12-24,4.0079,0.15015,0.92375
2018-12-25,4.00619,0.1767,0.9085
2018-12-26,4.00626,0.15015,0.92375
2018-12-27,4.00634,0.13162,0.939
2018-12-28,4.00642,0.12475,0.95425
2018-12-29,4.0065,0.13137,0.9695
2018-12-30,4.00657,0.14971,0.98475
2018-12-31,4.00665,0.17614,1.0
2019-01-01,4.00607,0.1763,1.0
2019-01-02,4.00983,0.14548,0.99251
2019-01-03,4.01359,0.12758,0.98503
2019-01-04,4.01734,0.12813,0.97754
2019-01-05,4.0211,0.14692,0.97005
2019-01-06,4.02486,0.17829,0.96257
2019-01-07,4.02551,0.15152,0.96355
2019-01-08,4.02616,0.13292,0.96454
2019-01-09,4.02681,0.12613,0.96552
2019-01-10,4.02746,0.133,0.96651
2019-01-11,4.02811,0.15166,0.96749
2019-01-12,4.02876,0.17847,0.96848
2019-01-13,4.02992,0.15164,0.97338
2019-01-14,4.03109,0.1329,0.97827
2019-01-15,4.03225,0.12591,0.98317
2019-01-16,4.03342,0.13254,0.98807
2019-01-17,4.03459,0.151,0.99296
2019-01-18,4.03575,0.17765,0.99786
2019-01-19,4.04855,0.15112,0.98196
2019-01-20,4.06135,0.13307,0.96607
2019-01-21,4.07415,0.12717,0.95017
2019-01-22,4.08695,0.13503,0.93427
2019-01-23,4.09974,0.15455,0.91837
2019-01-24,4.11254,0.18203,0.90248
2019-01-25,4.08514,0.15444,0.90472
2019-01-26,4.05774,0.13452,0.90696
2019-01-27,4.03034,0.12596,0.9092
2019-01-28,4.00294,0.131,0.91145
2019-01-29,3.97554,0.14827,0.91369
2019-01-30,3.94814,0.17415,0.91593
2019-01-31,3.97858,0.12404,0.95174
2019-02-01,4.00903,0.17668,0.98755
2019-02-02,4.03912,0.14008,0.96469
2019-02-03,4.06922,0.12672,0.94184
2019-02-04,4.09931,0.14325,0.91899
2019-02-05,4.1294,0.18169,0.89613
2019-02-06,4.12108,0.15439,0.90178
2019-02-07,4.11276,0.13537,0.90744
2019-02-08,4.10444,0.12835,0.91309
2019-02-09,4.09612,0.13521,0.91874
2019-02-10,4.0878,0.15411,0.9244
2019-02-11,4.07948,0.18133,0.93005
2019-02-12,4.07821,0.1541,0.91982
2019-02-13,4.07694,0.13516,0.9096
2019-02-14,4.07566,0.12823,0.89937
2019-02-15,4.07439,0.13517,0.88914
2019-02-16,4.07312,0.15413,0.87892
2019-02-17,4.07185,0.18136,0.86869
2019-02-18,4.07373,0.15414,0.8627
2019-02-19,4.0756,0.13524,0.85671
2019-02-20,4.07748,0.12838,0.85072
2019-02-21,4.07935,0.13541,0.84472
2019-02-22,4.08123,0.15444,0.83873
2019-02-23,4.0831,0.18174,0.83274
2019-02-24,4.10139,0.15464,0.85367
2019-02-25,4.11968,0.13634,0.8746
2019-02-26,4.13797,0.13058,0.89552
2019-02-27,4.15626,0.13894,0.91645
2019-02-28,4.17454,0.1592,0.93738
2019-03-01,4.19283,0.18755,0.95831
2019-03-02,4.18435,0.15935,0.92768
2019-03-03,4.17588,0.1396,0.89705
2019-03-04,4.1674,0.13215,0.86643
2019-03-05,4.15892,0.139,0.8358
2019-03-06,4.15044,0.1583,0.80517
2019-03-07,4.14196,0.18622,0.77455
2019-03-08,4.15182,0.15836,0.80145
2019-03-09,4.16168,0.13927,0.82835
2019-03-10,4.17154,0.13279,0.85524
2019-03-11,4.1814,0.14068,0.88214
2019-03-12,4.19126,0.16082,0.90904
2019-03-13,4.20112,0.18936,0.93594
2019-03-14,4.19926,0.16084,0.93028
2019-03-15,4.19741,0.14076,0.92461
2019-03-16,4.19556,0.13299,0.91895
2019-03-17,4.19371,0.13961,0.91328
2019-03-18,4.19186,0.15882,0.90762
2019-03-19,4.19001,0.18678,0.90195
2019-03-20,4.18651,0.15875,0.91412
2019-03-21,4.18302,0.13926,0.92629
2019-03-22,4.17952,0.13218,0.93846
2019-03-23,4.17603,0.13939,0.95063
2019-03-24,4.17253,0.15897,0.9628
2019-03-25,4.16903,0.18707,0.97497
2019-03-26,4.16136,0.15891,0.94735
2019-03-27,4.15369,0.13913,0.91972
2019-03-28,4.14602,0.13157,0.8921
2019-03-29,4.13835,0.13823,0.86448
2019-03-30,4.13068,0.15733,0.83686
2019-03-31,4.12301,0.18506,0.80923
2019-04-01,4.12145,0.18515,0.88039
2019-04-02,4.11429,0.14632,0.87445
2019-04-03,4.10713,0.13065,0.86851
2019-04-04,4.09997,0.14583,0.86257
2019-04-05,4.09281,0.18439,0.85663
2019-04-06,4.0993,0.18462,0.8988
2019-04-07,4.11011,0.16994,0.89752
2019-04-08,4.12092,0.15694,0.89623
2019-04-09,4.13174,0.14605,0.89495
2019-04-10,4.14255,0.13778,0.89367
2019-04-11,4.15336,0.13264,0.89238
2019-04-12,4.16417,0.13097,0.8911
2019-04-13,4.17498,0.13291,0.88982
2019-04-14,4.18579,0.13832,0.88853
2019-04-15,4.19661,0.1468,0.88725
2019-04-16,4.20742,0.15787,0.88596
2019-04-17,4.21823,0.17102,0.88468
2019-04-18,4.22904,0.18581,0.8834
2019-04-19,4.25495,0.1581,0.87695
2019-04-20,4.28087,0.13938,0.8705
2019-04-21,4.30678,0.13348,0.86406
2019-04-22,4.3327,0.142,0.85761
2019-04-23,4.35861,0.1627,0.85116
2019-04-24,4.38452,0.19167,0.84472
2019-04-25,4.38469,0.16654,0.8669
2019-04-26,4.38485,0.1474,0.88908
2019-04-27,4.38501,0.13677,0.91127
2019-04-28,4.38518,0.13666,0.93345
2019-04-29,4.38534,0.1471,0.95563
2019-04-30,4.3855,0.16611,0.97782
2019-05-01,4.38567,0.19114,1.0
2019-05-02,4.37944,0.15755,0.91638
2019-05-03,4.37322,0.13751,0.83276
2019-05-04,4.36699,0.1371,0.74914
2019-05-05,4.36077,0.15648,0.66552
2019-05-06,4.35455,0.18967,0.5819
2019-05-07,4.36019,0.16125,0.60487
2019-05-08,4.36583,0.14167,0.62785
2019-05-09,4.37147,0.13482,0.65082
2019-05-10,4.37712,0.14256,0.67379
2019-05-11,4.38276,0.16282,0.69677
2019-05-12,4.3884,0.19166,0.71974
2019-05-13,4.39601,0.17644,0.73072
2019-05-14,4.40362,0.16297,0.74171
2019-05-15,4.41123,0.15173,0.75269
2019-05-16,4.41884,0.14324,0.76368
2019-05-17,4.42645,0.13802,0.77466
2019-05-18,4.43406,0.13644,0.78565
2019-05-19,4.44167,0.13862,0.79664
2019-05-20,4.44928,0.1444,0.80762
2019-05-21,4.45689,0.15336,0.81861
2019-05-22,4.4645,0.16499,0.82959
2019-05-23,4.47211,0.17877,0.84058
2019-05-24,4.47972,0.19424,0.85156
2019-05-25,4.46319,0.16495,0.8336
2019-05-26,4.44666,0.14423,0.81565
2019-05-27,4.43013,0.13603,0.79769
2019-05-28,4.4136,0.14255,0.77974
2019-05-29,4.39707,0.16201,0.76178
2019-05-30,4.38054,0.19049,0.74382
2019-05-31,4.38975,0.13509,0.86988
2019-06-01,4.39896,0.19159,0.99595
2019-06-02,4.41135,0.1517,0.95426
2019-06-03,4.42374,0.13652,0.91257
2019-06-04,4.43613,0.15355,0.87089
2019-06-05,4.44853,0.19452,0.8292
2019-06-06,4.43492,0.16522,0.81461
2019-06-07,4.42132,0.14458,0.80003
2019-06-08,4.40772,0.13657,0.78544
2019-06-09,4.39412,0.14334,0.77085
2019-06-10,4.38051,0.16305,0.75626
2019-06-11,4.36691,0.19175,0.74167
2019-06-12,4.36929,0.16301,0.77857
2019-06-13,4.37167,0.14315,0.81546
2019-06-14,4.37406,0.13613,0.85235
2019-06-15,4.37644,0.14383,0.88925
2019-06-16,4.37882,0.1642,0.92614
2019-06-17,4.3812,0.19327,0.96303
2019-06-18,4.38056,0.16423,0.96071
2019-06-19,4.37993,0.14395,0.95839
2019-06-20,4.3793,0.13642,0.95607
2019-06-21,4.37866,0.14364,0.95375
2019-06-22,4.37803,0.16368,0.95143
2019-06-23,4.37739,0.19258,0.94911
2019-06-24,4.38567,0.16371,0.95491
2019-06-25,4.39395,0.14379,0.96071
2019-06-26,4.40223,0.13678,0.96652
2019-06-27,4.41052,0.14455,0.97232
2019-06-28,4.4188,0.16505,0.97812
2019-06-29,4.42708,0.19428,0.98392
2019-06-30,4.43876,0.13784,0.99017
2019-07-01,4.45045,0.1956,0.99643
2019-07-02,4.45505,0.15474,0.98151
2019-07-03,4.45965,0.13877,0.96658
2019-07-04,4.46425,0.15557,0.95166
2019-07-05,4.46885,0.19691,0.93674
2019-07-06,4.47574,0.16745,0.94456
2019-07-07,4.48263,0.14724,0.95238
2019-07-08,4.48951,0.14035,0.96019
2019-07-09,4.4964,0.14864,0.96801
2019-07-10,4.50329,0.1699,0.97583
2019-07-11,4.51018,0.20004,0.98365
2019-07-12,4.51039,0.16997,0.97594
2019-07-13,4.51061,0.14898,0.96824
2019-07-14,4.51082,0.14117,0.96053
2019-07-15,4.51103,0.14863,0.95283
2019-07-16,4.51125,0.16935,0.94512
2019-07-17,4.51146,0.19925,0.93742
2019-07-18,4.51525,0.16936,0.94739
2019-07-19,4.51903,0.14867,0.95736
2019-07-20,4.52282,0.14128,0.96733
2019-07-21,4.52661,0.14917,0.9773
2019-07-22,4.5304,0.17023,0.98727
2019-07-23,4.53418,0.20035,0.99724
2019-07-24,4.52162,0.17014,0.9934
2019-07-25,4.50906,0.14876,0.98955
2019-07-26,4.49649,0.14031,0.9857
2019-07-27,4.48393,0.14704,0.98185
2019-07-28,4.47137,0.16711,0.978
2019-07-29,4.4588,0.19649,0.97415
2019-07-30,4.46775,0.1467,0.98277
2019-07-31,4.4767,0.14745,0.99138
2019-08-01,4.48565,0.19815,1.0
2019-08-02,4.49456,0.14793,0.99577
2019-08-03,4.50347,0.14865,0.99154
2019-08-04,4.51238,0.19975,0.98731
2019-08-05,4.48309,0.1695,0.98473
2019-08-06,4.45379,0.14771,0.98214
2019-08-07,4.4245,0.13843,0.97956
2019-08-08,4.39521,0.14411,0.97698
2019-08-09,4.36592,0.16319,0.97439
2019-08-10,4.33663,0.19171,0.97181
2019-08-11,4.32651,0.16283,0.97601
2019-08-12,4.31639,0.14248,0.98021
2019-08-13,4.30626,0.13458,0.9844
2019-08-14,4.29614,0.14124,0.9886
2019-08-15,4.28602,0.16066,0.9928
2019-08-16,4.2759,0.18894,0.997
2019-08-17,4.26761,0.16047,0.9959
2019-08-18,4.25931,0.14039,0.99479
2019-08-19,4.25102,0.13256,0.99369
2019-08-20,4.24272,0.13906,0.99259
2019-08-21,4.23443,0.15815,0.99149
2019-08-22,4.22614,0.18597,0.99039
2019-08-23,4.21856,0.15799,0.99199
2019-08-24,4.21098,0.13836,0.99359
2019-08-25,4.2034,0.1309,0.99519
2019-08-26,4.19583,0.1376,0.9968
2019-08-27,4.18825,0.15665,0.9984
2019-08-28,4.18067,0.18426,1.0
2019-08-29,4.17869,0.14561,1.0
2019-08-30,4.17672,0.13004,1.0
2019-08-31,4.17474,0.14516,1.0
2019-09-01,4.17276,0.18354,1.0
2019-09-02,4.17218,0.1297,0.99693
2019-09-03,4.1716,0.18332,0.99385
2019-09-04,4.16496,0.15572,0.99474
2019-09-05,4.15832,0.1363,0.99564
2019-09-06,4.15168,0.12884,0.99653
2019-09-07,4.14504,0.13531,0.99742
2019-09-08,4.1384,0.15396,0.99832
2019-09-09,4.13177,0.18108,0.99921
2019-09-10,4.11357,0.15374,0.99292
2019-09-11,4.09538,0.1343,0.98664
2019-09-12,4.07719,0.12644,0.98035
2019-09-13,4.059,0.13225,0.97407
2019-09-14,4.04081,0.15015,0.96778
2019-09-15,4.02262,0.1765,0.9615
2019-09-16,4.04363,0.15009,0.96792
2019-09-17,4.06464,0.13199,0.97433
2019-09-18,4.08564,0.12583,0.98075
2019-09-19,4.10665,0.13328,0.98717
2019-09-20,4.12766,0.15236,0.99358
2019-09-21,4.14867,0.17939,1.0
2019-09-22,4.13059,0.15243,0.99556
2019-09-23,4.11251,0.1336,0.99113
2019-09-24,4.09442,0.12659,0.98669
2019-09-25,4.07634,0.13328,0.98226
2019-09-26,4.05826,0.15186,0.97782
2019-09-27,4.04017,0.17866,0.97339
2019-09-28,4.0603,0.14143,0.98004
2019-09-29,4.08044,0.12714,0.98669
2019-09-30,4.10057,0.14287,0.99335
2019-10-01,4.1207,0.18094,1.0
2019-10-02,4.14479,0.12847,0.99859
2019-10-03,4.16888,0.18242,0.99718
2019-10-04,4.16839,0.15513,0.98064
2019-10-05,4.16791,0.13643,0.96409
2019-10-06,4.16742,0.13009,0.94755
2019-10-07,4.16694,0.13781,0.93101
2019-10-08,4.16646,0.15755,0.91446
2019-10-09,4.16597,0.18551,0.89792
2019-10-10,4.14829,0.1574,0.91493
2019-10-11,4.13061,0.13713,0.93195
2019-10-12,4.11293,0.12846,0.94896
2019-10-13,4.09525,0.13367,0.96597
2019-10-14,4.07757,0.15132,0.98299
2019-10-15,4.05989,0.17775,1.0
2019-10-16,4.05266,0.15098,0.99848
2019-10-17,4.04544,0.13213,0.99695
2019-10-18,4.03822,0.12484,0.99543
2019-10-19,4.031,0.13105,0.9939
2019-10-20,4.02378,0.14908,0.99238
2019-10-21,4.01656,0.17533,0.99085
2019-10-22,4.03656,0.14918,0.99238
2019-10-23,4.05657,0.13149,0.9939
2019-10-24,4.07657,0.12588,0.99543
2019-10-25,4.09658,0.13388,0.99695
2019-10-26,4.11658,0.15337,0.99848
2019-10-27,4.13658,0.18067,1.0
2019-10-28,4.14585,0.14909,0.99989
2019-10-29,4.15511,0.13078,0.99977
2019-10-30,4.16437,0.1314,0.99966
2019-10-31,4.17363,0.15071,0.99955
2019-11-01,4.18289,0.18289,0.99943
2019-11-02,4.186,0.18306,0.99442
2019-11-03,4.17632,0.15549,0.99535
2019-11-04,4.16664,0.13605,0.99628
2019-11-05,4.15696,0.12851,0.99721
2019-11-06,4.14728,0.13488,0.99814
2019-11-07,4.13761,0.15342,0.99907
2019-11-08,4.12793,0.18042,1.0
2019-11-09,4.15724,0.15361,0.98847
2019-11-10,4.18656,0.13575,0.97695
2019-11-11,4.21588,0.13058,0.96542
2019-11-12,4.24519,0.1395,0.95389
2019-11-13,4.27451,0.16019,0.94236
2019-11-14,4.30382,0.18881,0.93084
2019-11-15,4.29736,0.16045,0.91392
2019-11-16,4.29089,0.1407,0.89701
2019-11-17,4.28442,0.13344,0.8801
2019-11-18,4.27795,0.14061,0.86318
2019-11-19,4.27149,0.16029,0.84627
2019-11-20,4.26502,0.1886,0.82935
2019-11-21,4.27442,0.16034,0.84679
2019-11-22,4.28383,0.14085,0.86422
2019-11-23,4.29323,0.134,0.88165
2019-11-24,4.30263,0.14165,0.89909
2019-11-25,4.31204,0.16175,0.91652
2019-11-26,4.32144,0.1904,0.93396
2019-11-27,4.32468,0.15703,0.94716
2019-11-28,4.32792,0.13738,0.96037
2019-11-29,4.33115,0.13748,0.97358
2019-11-30,4.33439,0.15729,0.98679
2019-12-01,4.33763,0.19076,1.0
2019-12-02,4.34399,0.19104,0.94601
2019-12-03,4.326,0.16215,0.92464
2019-12-04,4.30802,0.14147,0.90326
2019-12-05,4.29003,0.13289,0.88189
2019-12-06,4.27205,0.13868,0.86051
2019-12-07,4.25406,0.15725,0.83914
2019-12-08,4.23608,0.18479,0.81777
2019-12-09,4.22147,0.15696,0.84814
2019-12-10,4.20687,0.13738,0.87851
2019-12-11,4.19226,0.12981,0.90888
2019-12-12,4.17766,0.13629,0.93926
2019-12-13,4.16305,0.15507,0.96963
2019-12-14,4.14844,0.18237,1.0
2019-12-15,4.14422,0.15492,1.0
2019-12-16,4.14,0.13565,1.0
2019-12-17,4.13578,0.12828,1.0
2019-12-18,4.13156,0.13479,1.0
2019-12-19,4.12734,0.15342,1.0
2019-12-20,4.12311,0.18045,1.0
2019-12-21,4.12452,0.15338,1.0
2019-12-22,4.12593,0.13462,1.0
2019-12-23,4.12734,0.12787,1.0
2019-12-24,4.12875,0.13496,1.0
2019-12-25,4.13016,0.15398,1.0
2019-12-26,4.13157,0.18122,1.0
2019-12-27,4.12873,0.15403,1.0
2019-12-28,4.12589,0.13515,1.0
2019-12-29,4.12305,0.12833,1.0
2019-12-30,4.1202,0.13538,1.0
2019-12-31,4.11736,0.15443,1.0
